              precision    recall  f1-score   support

           0     0.9788    0.9908    0.9848       980
           1     0.9834    0.9912    0.9873      1135
           2     0.9777    0.9767    0.9772      1032
           3     0.9734    0.9782    0.9758      1010
           4     0.9856    0.9745    0.9800       982
           5     0.9809    0.9798    0.9804       892
           6     0.9894    0.9781    0.9837       958
           7     0.9842    0.9669    0.9755      1028
           8     0.9704    0.9774    0.9739       974
           9     0.9656    0.9742    0.9699      1009

    accuracy                         0.9789     10000
   macro avg     0.9789    0.9788    0.9788     10000
weighted avg     0.9789    0.9789    0.9789     10000
